section .data
	stacksize db \
		6, 63 dup(0), \
		7, 63 dup(0), \
		8, 63 dup(0), \
		3, 63 dup(0), \
		8, 63 dup(0), \
		8, 63 dup(0), \
		7, 63 dup(0), \
		4, 63 dup(0), \
		5, 63 dup(0)
	stackdata db \
		"TDWZVP", 58 dup(0), \
		"LSWVFJD", 57 dup(0), \
		"ZMLSVTBH", 56 dup(0), \
		"RSJ", 61 dup(0), \
		"CZBGFMLW", 56 dup(0), \
		"QWVHZRGB", 56 dup(0), \
		"VJPCBDN", 57 dup(0), \
		"PTBQ", 60 dup(0), \
		"HGZRC", 59 dup(0)
	msg db 64 dup(0)
section .rodata
	rules db \
		3, 2, 9, 0,\
		1, 1, 6, 0,\
		6, 6, 7, 0,\
		13, 7, 6, 0,\
		2, 4, 5, 0,\
		1, 4, 3, 0,\
		5, 9, 8, 0,\
		1, 8, 5, 0,\
		3, 1, 6, 0,\
		2, 1, 8, 0,\
		1, 2, 1, 0,\
		1, 9, 3, 0,\
		2, 9, 8, 0,\
		2, 5, 9, 0,\
		4, 5, 4, 0,\
		10, 8, 4, 0,\
		5, 6, 2, 0,\
		5, 5, 9, 0,\
		7, 3, 7, 0,\
		1, 9, 8, 0,\
		1, 1, 9, 0,\
		1, 7, 3, 0,\
		3, 8, 9, 0,\
		8, 6, 7, 0,\
		3, 9, 4, 0,\
		3, 2, 6, 0,\
		6, 6, 3, 0,\
		10, 7, 9, 0,\
		1, 7, 5, 0,\
		1, 5, 7, 0,\
		2, 3, 6, 0,\
		8, 4, 2, 0,\
		7, 4, 3, 0,\
		5, 2, 3, 0,\
		2, 4, 6, 0,\
		6, 2, 8, 0,\
		14, 9, 1, 0,\
		6, 3, 2, 0,\
		7, 3, 7, 0,\
		4, 2, 3, 0,\
		1, 6, 5, 0,\
		3, 6, 5, 0,\
		2, 2, 4, 0,\
		3, 1, 2, 0,\
		2, 4, 1, 0,\
		3, 5, 6, 0,\
		1, 9, 6, 0,\
		1, 2, 6, 0,\
		7, 7, 4, 0,\
		5, 8, 1, 0,\
		11, 3, 5, 0,\
		2, 2, 5, 0,\
		8, 5, 1, 0,\
		4, 7, 2, 0,\
		2, 6, 8, 0,\
		3, 2, 4, 0,\
		1, 8, 3, 0,\
		1, 3, 2, 0,\
		11, 1, 8, 0,\
		4, 6, 5, 0,\
		1, 4, 1, 0,\
		2, 6, 4, 0,\
		14, 1, 9, 0,\
		1, 1, 6, 0,\
		1, 1, 9, 0,\
		10, 4, 3, 0,\
		3, 3, 2, 0,\
		8, 8, 9, 0,\
		1, 4, 5, 0,\
		8, 5, 8, 0,\
		10, 9, 5, 0,\
		5, 3, 2, 0,\
		1, 3, 7, 0,\
		1, 2, 5, 0,\
		6, 2, 3, 0,\
		7, 3, 5, 0,\
		1, 6, 9, 0,\
		2, 5, 9, 0,\
		4, 2, 9, 0,\
		1, 2, 1, 0,\
		1, 1, 5, 0,\
		1, 7, 4, 0,\
		17, 9, 1, 0,\
		4, 1, 5, 0,\
		9, 5, 8, 0,\
		21, 8, 6, 0,\
		1, 4, 6, 0,\
		3, 5, 1, 0,\
		10, 1, 5, 0,\
		12, 5, 3, 0,\
		3, 3, 6, 0,\
		5, 5, 7, 0,\
		5, 5, 9, 0,\
		5, 7, 5, 0,\
		2, 5, 7, 0,\
		1, 8, 5, 0,\
		1, 7, 3, 0,\
		3, 1, 7, 0,\
		11, 6, 5, 0,\
		1, 7, 3, 0,\
		5, 9, 7, 0,\
		8, 3, 6, 0,\
		4, 9, 6, 0,\
		3, 1, 6, 0,\
		1, 9, 5, 0,\
		6, 5, 1, 0,\
		1, 1, 6, 0,\
		3, 1, 3, 0,\
		2, 1, 2, 0,\
		19, 6, 1, 0,\
		2, 5, 9, 0,\
		5, 3, 1, 0,\
		1, 5, 6, 0,\
		5, 6, 7, 0,\
		3, 7, 9, 0,\
		6, 5, 9, 0,\
		1, 5, 6, 0,\
		4, 6, 9, 0,\
		2, 2, 1, 0,\
		1, 3, 2, 0,\
		1, 2, 7, 0,\
		7, 7, 6, 0,\
		21, 1, 3, 0,\
		2, 7, 8, 0,\
		7, 3, 2, 0,\
		2, 7, 9, 0,\
		8, 3, 8, 0,\
		4, 3, 1, 0,\
		6, 1, 9, 0,\
		7, 2, 9, 0,\
		1, 3, 6, 0,\
		1, 8, 7, 0,\
		1, 1, 6, 0,\
		12, 6, 9, 0,\
		1, 3, 6, 0,\
		1, 7, 5, 0,\
		1, 1, 9, 0,\
		1, 5, 9, 0,\
		39, 9, 4, 0,\
		3, 9, 6, 0,\
		1, 9, 6, 0,\
		7, 8, 4, 0,\
		1, 9, 8, 0,\
		44, 4, 1, 0,\
		1, 6, 3, 0,\
		28, 1, 8, 0,\
		15, 8, 1, 0,\
		1, 3, 2, 0,\
		11, 1, 5, 0,\
		1, 4, 7, 0,\
		1, 4, 5, 0,\
		16, 1, 6, 0,\
		1, 2, 6, 0,\
		12, 8, 2, 0,\
		1, 7, 4, 0,\
		3, 2, 4, 0,\
		7, 2, 4, 0,\
		4, 1, 6, 0,\
		10, 5, 6, 0,\
		1, 1, 5, 0,\
		3, 5, 9, 0,\
		3, 8, 7, 0,\
		1, 2, 3, 0,\
		1, 2, 4, 0,\
		3, 7, 4, 0,\
		30, 6, 8, 0,\
		1, 3, 7, 0,\
		20, 8, 4, 0,\
		1, 7, 3, 0,\
		1, 9, 8, 0,\
		25, 4, 6, 0,\
		1, 3, 5, 0,\
		8, 8, 5, 0,\
		3, 8, 4, 0,\
		2, 9, 5, 0,\
		2, 5, 2, 0,\
		21, 6, 4, 0,\
		2, 2, 6, 0,\
		28, 4, 5, 0,\
		1, 8, 6, 0,\
		5, 4, 8, 0,\
		3, 6, 7, 0,\
		15, 5, 2, 0,\
		3, 7, 6, 0,\
		1, 4, 3, 0,\
		17, 5, 1, 0,\
		1, 3, 4, 0,\
		1, 4, 8, 0,\
		4, 2, 4, 0,\
		4, 4, 1, 0,\
		5, 6, 8, 0,\
		11, 8, 3, 0,\
		4, 6, 7, 0,\
		5, 3, 2, 0,\
		4, 3, 1, 0,\
		25, 1, 7, 0,\
		3, 6, 7, 0,\
		8, 2, 3, 0,\
		11, 7, 2, 0,\
		2, 2, 7, 0,\
		16, 2, 6, 0,\
		1, 2, 8, 0,\
		1, 7, 6, 0,\
		1, 5, 2, 0,\
		16, 6, 2, 0,\
		3, 5, 7, 0,\
		6, 2, 8, 0,\
		1, 5, 4, 0,\
		1, 4, 3, 0,\
		4, 8, 9, 0,\
		4, 3, 9, 0,\
		2, 6, 2, 0,\
		6, 2, 4, 0,\
		1, 9, 7, 0,\
		1, 2, 8, 0,\
		7, 3, 6, 0,\
		4, 2, 6, 0,\
		2, 9, 5, 0,\
		1, 2, 4, 0,\
		6, 6, 9, 0,\
		2, 5, 1, 0,\
		1, 1, 4, 0,\
		1, 9, 4, 0,\
		2, 7, 6, 0,\
		1, 2, 5, 0,\
		1, 5, 9, 0,\
		4, 8, 1, 0,\
		7, 9, 8, 0,\
		3, 1, 7, 0,\
		1, 8, 3, 0,\
		4, 9, 6, 0,\
		6, 8, 1, 0,\
		6, 1, 2, 0,\
		1, 1, 9, 0,\
		1, 1, 7, 0,\
		21, 7, 5, 0,\
		11, 5, 3, 0,\
		1, 9, 5, 0,\
		1, 2, 8, 0,\
		5, 7, 5, 0,\
		10, 3, 9, 0,\
		1, 8, 5, 0,\
		8, 4, 2, 0,\
		1, 3, 4, 0,\
		2, 7, 3, 0,\
		5, 5, 3, 0,\
		5, 9, 8, 0,\
		10, 6, 2, 0,\
		1, 6, 4, 0,\
		1, 9, 4, 0,\
		4, 9, 3, 0,\
		19, 2, 5, 0,\
		2, 4, 5, 0,\
		11, 5, 1, 0,\
		15, 5, 2, 0,\
		4, 8, 1, 0,\
		12, 1, 5, 0,\
		1, 8, 1, 0,\
		1, 4, 8, 0,\
		3, 1, 3, 0,\
		8, 5, 4, 0,\
		7, 3, 9, 0,\
		4, 3, 5, 0,\
		4, 4, 1, 0,\
		3, 9, 3, 0,\
		2, 4, 1, 0,\
		4, 3, 8, 0,\
		4, 2, 3, 0,\
		1, 9, 5, 0,\
		4, 8, 6, 0,\
		2, 4, 3, 0,\
		1, 4, 5, 0,\
		5, 3, 4, 0,\
		3, 3, 6, 0,\
		5, 1, 6, 0,\
		2, 4, 6, 0,\
		1, 9, 2, 0,\
		7, 6, 3, 0,\
		1, 8, 9, 0,\
		2, 1, 4, 0,\
		2, 4, 7, 0,\
		4, 6, 4, 0,\
		5, 3, 7, 0,\
		1, 7, 2, 0,\
		3, 6, 7, 0,\
		1, 4, 5, 0,\
		4, 2, 6, 0,\
		3, 6, 9, 0,\
		1, 6, 5, 0,\
		1, 9, 2, 0,\
		5, 9, 3, 0,\
		11, 5, 1, 0,\
		3, 7, 8, 0,\
		2, 8, 9, 0,\
		4, 5, 1, 0,\
		10, 2, 7, 0,\
		5, 3, 7, 0,\
		1, 9, 3, 0,\
		6, 1, 7, 0,\
		22, 7, 9, 0,\
		3, 2, 4, 0,\
		4, 5, 3, 0,\
		1, 8, 4, 0,\
		5, 4, 7, 0,\
		19, 9, 8, 0,\
		2, 1, 5, 0,\
		2, 4, 5, 0,\
		2, 4, 9, 0,\
		4, 9, 2, 0,\
		4, 7, 3, 0,\
		5, 7, 5, 0,\
		7, 3, 7, 0,\
		2, 8, 4, 0,\
		3, 4, 7, 0,\
		12, 8, 1, 0,\
		4, 3, 7, 0,\
		1, 3, 6, 0,\
		1, 6, 1, 0,\
		1, 5, 9, 0,\
		3, 9, 3, 0,\
		2, 2, 4, 0,\
		3, 8, 3, 0,\
		2, 4, 7, 0,\
		7, 5, 1, 0,\
		2, 8, 3, 0,\
		8, 7, 9, 0,\
		2, 9, 7, 0,\
		3, 9, 5, 0,\
		11, 1, 2, 0,\
		5, 3, 8, 0,\
		16, 1, 5, 0,\
		1, 9, 8, 0,\
		3, 3, 2, 0,\
		6, 2, 6, 0,\
		6, 7, 4, 0,\
		2, 5, 2, 0,\
		6, 4, 9, 0,\
		11, 5, 7, 0,\
		2, 6, 5, 0,\
		9, 5, 1, 0,\
		2, 8, 5, 0,\
		13, 7, 4, 0,\
		6, 1, 5, 0,\
		10, 2, 9, 0,\
		1, 4, 5, 0,\
		4, 6, 9, 0,\
		3, 2, 4, 0,\
		2, 8, 2, 0,\
		15, 4, 5, 0,\
		1, 2, 8, 0,\
		1, 2, 3, 0,\
		2, 8, 7, 0,\
		3, 7, 1, 0,\
		1, 7, 8, 0,\
		3, 5, 9, 0,\
		1, 7, 1, 0,\
		21, 5, 2, 0,\
		3, 9, 1, 0,\
		5, 1, 4, 0,\
		1, 3, 4, 0,\
		1, 8, 5, 0,\
		1, 8, 9, 0,\
		1, 5, 3, 0,\
		5, 2, 5, 0,\
		5, 5, 3, 0,\
		7, 9, 2, 0,\
		3, 3, 6, 0,\
		2, 1, 4, 0,\
		1, 3, 4, 0,\
		2, 3, 2, 0,\
		25, 2, 1, 0,\
		11, 9, 2, 0,\
		9, 2, 8, 0,\
		4, 9, 5, 0,\
		6, 4, 3, 0,\
		3, 3, 5, 0,\
		9, 8, 2, 0,\
		3, 4, 3, 0,\
		1, 9, 4, 0,\
		4, 3, 8, 0,\
		2, 8, 1, 0,\
		3, 5, 9, 0,\
		2, 8, 1, 0,\
		4, 2, 9, 0,\
		6, 9, 4, 0,\
		1, 9, 2, 0,\
		1, 6, 4, 0,\
		3, 4, 3, 0,\
		2, 3, 9, 0,\
		3, 1, 9, 0,\
		2, 2, 7, 0,\
		2, 7, 2, 0,\
		2, 3, 2, 0,\
		5, 9, 7, 0,\
		2, 7, 2, 0,\
		28, 1, 7, 0,\
		1, 1, 9, 0,\
		10, 2, 5, 0,\
		1, 9, 5, 0,\
		14, 7, 1, 0,\
		6, 1, 6, 0,\
		12, 7, 9, 0,\
		6, 1, 5, 0,\
		1, 3, 8, 0,\
		4, 7, 1, 0,\
		4, 4, 8, 0,\
		4, 6, 1, 0,\
		1, 2, 8, 0,\
		1, 2, 1, 0,\
		1, 6, 1, 0,\
		5, 9, 8, 0,\
		16, 5, 7, 0,\
		2, 7, 1, 0,\
		6, 8, 1, 0,\
		2, 9, 4, 0,\
		2, 1, 3, 0,\
		1, 6, 8, 0,\
		2, 5, 3, 0,\
		3, 5, 7, 0,\
		4, 8, 7, 0,\
		4, 9, 8, 0,\
		6, 8, 6, 0,\
		10, 7, 8, 0,\
		1, 9, 1, 0,\
		11, 7, 6, 0,\
		2, 3, 9, 0,\
		1, 3, 4, 0,\
		4, 1, 2, 0,\
		3, 2, 3, 0,\
		1, 9, 1, 0,\
		3, 4, 2, 0,\
		9, 6, 4, 0,\
		2, 3, 5, 0,\
		8, 4, 9, 0,\
		4, 1, 8, 0,\
		3, 8, 2, 0,\
		2, 2, 6, 0,\
		1, 7, 2, 0,\
		11, 6, 5, 0,\
		7, 8, 6, 0,\
		7, 5, 8, 0,\
		5, 8, 5, 0,\
		1, 2, 5, 0,\
		3, 5, 7, 0,\
		8, 5, 6, 0,\
		2, 4, 5, 0,\
		1, 7, 9, 0,\
		2, 3, 8, 0,\
		3, 8, 5, 0,\
		13, 6, 2, 0,\
		2, 8, 5, 0,\
		5, 1, 9, 0,\
		3, 6, 4, 0,\
		5, 5, 8, 0,\
		1, 5, 4, 0,\
		4, 1, 4, 0,\
		1, 7, 2, 0,\
		12, 9, 7, 0,\
		2, 9, 1, 0,\
		3, 8, 3, 0,\
		1, 5, 4, 0,\
		3, 8, 9, 0,\
		2, 4, 7, 0,\
		4, 9, 5, 0,\
		5, 4, 9, 0,\
		3, 9, 2, 0,\
		1, 9, 4, 0,\
		1, 9, 3, 0,\
		12, 7, 4, 0,\
		1, 4, 8, 0,\
		1, 8, 1, 0,\
		1, 5, 4, 0,\
		2, 3, 5, 0,\
		11, 2, 3, 0,\
		4, 5, 7, 0,\
		7, 7, 2, 0,\
		1, 1, 9, 0,\
		1, 8, 3, 0,\
		1, 9, 1, 0,\
		2, 1, 5, 0,\
		2, 5, 4, 0,\
		1, 8, 1, 0,\
		2, 5, 8, 0,\
		5, 1, 9, 0,\
		11, 3, 9, 0,\
		1, 3, 6, 0,\
		1, 6, 3, 0,\
		3, 3, 6, 0,\
		3, 2, 6, 0,\
		13, 9, 7, 0,\
		2, 6, 1, 0,\
		8, 4, 9, 0,\
		7, 4, 2, 0,\
		2, 8, 6, 0,\
		1, 1, 9, 0,\
		5, 2, 1, 0,\
		2, 1, 3, 0,\
		10, 2, 8, 0,\
		3, 9, 3, 0,\
		1, 7, 4, 0,\
		6, 7, 5, 0,\
		0, 0, 0, 0
